0 0 0
0 0 0
0.434186 -0.0758544 -0.784653
-0.444275 0.0766582 -0.769134
0.00104445 -0.000353867 0.784557
0.0785982 0.457067 -0.516785
-0.0803911 -0.457837 -0.514926
0.4133 0.1285 -0.290371
-0.413341 -0.128665 -0.28917
0 0 0
-0.111718 -0.307181 0.392114
-0.00032188 0.32675 0.39217
0.332582 -0.0608037 0.379111
-0.39753 0.0688676 0.273151
0.22674 -0.407465 0.0772049
-0.227676 0.375385 -0.168793
0.353378 0.303241 0.119128
0.033161 0.456381 0.0613268
-0.258261 0.340901 0.155202
-0.0186324 -0.426563 0.174651
-0.332641 -0.183697 0.317591
0.244724 -0.296522 0.310859
0.239425 0.277594 0.339421
0.375295 -0.25499 0.137345
0.434186 -0.0758544 -0.784653
-0.0198362 0.00269948 -0.578402
0.321333 -0.292688 -0.410332
0.319424 0.299632 -0.784653
0.197054 -0.391605 -0.784653
0.0345868 0.210199 -0.784653
-0.0391468 -0.209049 -0.784653
0.341088 0.322453 -0.495239
0.166417 -0.028791 -0.784653
-0.444275 0.0766582 -0.769134
-0.322903 -0.299482 -0.783598
-0.204069 0.390264 -0.784314
-0.373172 0.284496 -0.485542
-0.341258 -0.322637 -0.492669
-0.35846 0.0122121 -0.516771
-0.180027 0.051027 -0.784653
-0.409224 0.122806 -0.302321
-0.375458 0.276508 -0.706352
0.00104445 -0.000353867 0.784557
-0.122357 0.0220672 0.458079
0.140418 0.106096 0.490626
0.0998021 -0.160648 0.476149
-0.225816 0.22851 0.374904
0.0785982 0.457067 -0.516785
0.0341504 0.195067 -0.298843
0.232479 0.367202 -0.149832
-0.162259 0.419797 -0.447071
0.0339434 0.457426 -0.760216
0.419354 0.134523 -0.636183
0.0542813 0.428931 -0.284548
-0.0803911 -0.457837 -0.514926
-0.195872 -0.383591 -0.0216181
0.0705563 -0.433989 -0.217364
-0.000528047 -0.118017 -0.289858
-0.176637 -0.360317 -0.286902
-0.11963 -0.442724 -0.76054
0.354616 -0.261286 -0.648855
0.158114 -0.411189 -0.545971
0.4133 0.1285 -0.290371
0.406668 -0.119319 -0.0326379
0.464452 -0.0632334 -0.5013
0.424945 0.0551716 0.160641
0.296576 -0.287135 -0.167943
0.358171 0.13606 -0.0566298
0.401832 -0.116236 -0.283492
-0.413341 -0.128665 -0.28917
-0.405154 0.118251 -0.0560286
-0.426487 -0.177752 0.06842
-0.427174 -0.130087 -0.679366
0 0 0
0.0780996 0.0339221 -0.183096
0.0117271 -0.142506 -0.111131
-0.066326 -0.00796335 -0.140915
0.0579654 -0.0795312 -0.195944
0.0462869 -0.028403 -0.0968472
-0.0345517 -0.112105 -0.191538
-0.0366252 -0.0702972 -0.0778588
-0.111718 -0.307181 0.392114
-0.203566 -0.144403 0.445915
0.07773 -0.297866 0.366801
-0.123215 -0.382341 0.266336
-0.206756 -0.248739 0.300189
-0.0132392 -0.23931 0.46247
0.00835493 -0.388884 0.300103
-0.198058 -0.242339 0.40613
-0.00032188 0.32675 0.39217
0.105666 0.376155 0.22867
-0.107266 0.375705 0.252297
-0.068966 0.191161 0.487556
0.116531 0.234684 0.414322
-0.109317 0.275447 0.340685
0.126135 0.339701 0.346976
0.00394602 0.39364 0.292865
0.332582 -0.0608037 0.379111
0.379888 -0.0965059 0.218933
0.266025 0.120277 0.38434
0.208983 -0.0400764 0.482004
0.227699 -0.165337 0.397687
0.341419 0.0414549 0.279052
0.333842 -0.188143 0.312928
0.317284 -0.186068 0.201357
0.338841 0.0628584 0.370307
-0.39753 0.0688676 0.273151
-0.412667 0.20714 0.126208
-0.469544 0.0128508 0.0979995
-0.294931 0.0529446 0.419484
-0.364224 -0.0753312 0.193511
-0.303384 0.193301 0.240297
-0.344859 0.0859899 0.079368
-0.311381 -0.0429309 0.318881
0.22674 -0.407465 0.0772049
0.0454553 -0.392675 -0.0175807
0.14091 -0.397344 0.222154
0.286187 -0.264376 -0.00331323
0.193342 -0.382344 -0.0855275
0.2374 -0.292913 0.165853
0.10569 -0.336239 0.098428
0.0769288 -0.46274 0.087387
-0.227676 0.375385 -0.168793
-0.0425582 0.407732 -0.113142
-0.320479 0.292937 -0.0207819
-0.286754 0.269965 -0.315562
-0.0995852 0.398018 -0.262685
-0.334137 0.242042 -0.168791
-0.215776 0.383331 -0.32926
-0.198242 0.328406 -0.0500419
0.353378 0.303241 0.119128
0.183146 0.337763 0.0359386
0.357868 0.182564 0.256706
0.322554 0.292332 -0.0386947
0.31908 0.150445 0.0951507
0.227513 0.305312 0.193462
0.442082 0.144691 0.0741637
0.249762 0.250287 0.0872214
0.262774 0.387252 0.11124
0.033161 0.456381 0.0613268
-0.136128 0.401894 0.039849
0.100212 0.40803 -0.0677292
-0.0405516 0.361632 0.131597
0.153671 0.439398 0.119533
0.0775782 0.344009 0.100349
-0.160213 0.403046 0.153385
-0.0707038 0.46393 0.102807
-0.0425089 0.409989 -0.00790109
0.0194141 0.422083 0.192472
0.0585442 0.379269 0.0125578
-0.258261 0.340901 0.155202
-0.276914 0.218313 0.0941744
-0.234801 0.313382 0.278442
-0.355334 0.307277 0.0950953
-0.19495 0.304796 0.0651057
-0.35823 0.18405 0.0390134
-0.234757 0.400983 0.0726569
-0.333832 0.157896 0.137923
-0.121996 0.332017 0.108399
-0.335484 0.245921 0.155284
-0.284909 0.33523 0.0459602
-0.0186324 -0.426563 0.174651
-0.111087 -0.334562 0.0952917
-0.0767508 -0.43404 0.013821
-0.205488 -0.422289 0.100045
-0.00166281 -0.355764 0.0787019
-0.10486 -0.453902 0.117692
0.142344 -0.31811 0.287946
-0.0212465 -0.302516 0.34488
0.139048 -0.406102 0.0413332
0.15455 -0.429657 0.134032
0.0667507 -0.399432 0.15514
-0.123549 -0.300873 0.303794
-0.332641 -0.183697 0.317591
-0.238589 -0.328903 0.185037
-0.346235 -0.230804 0.177522
-0.261591 -0.124981 0.363108
-0.300085 -0.0523702 0.415031
-0.393039 -0.0704037 0.283234
-0.272709 -0.233594 0.123392
-0.39418 -0.152735 0.154597
-0.271744 -0.296033 0.261265
0.244724 -0.296522 0.310859
0.173303 -0.252192 0.373285
0.0925678 -0.250099 0.447096
0.168841 -0.205504 0.447321
0.239425 0.277594 0.339421
0.276515 0.189699 0.313171
0.207598 0.202978 0.395383
0.15869 0.350197 0.148985
0.214289 0.136537 0.454521
0.375295 -0.25499 0.137345
0.461213 -0.0887366 0.0997498
0.327583 -0.131083 0.0919139
0.319682 -0.339876 0.078638
0.421099 -0.185383 0.0645883
0.20427 -0.300903 0.0627252
0.273459 -0.222892 0.0936956
0.341688 -0.252427 -0.0853045
0.434186 -0.0758544 -0.784653
0.354279 0.0773595 -0.784653
0.299222 -0.175514 -0.784653
0.380906 -0.0259948 -0.63618
0.467786 0.0379595 -0.71807
0.284247 -0.0548607 -0.725878
0.417331 -0.14927 -0.676614
0.396891 -0.233478 -0.757906
-0.0198362 0.00269948 -0.578402
0.064049 0.0298933 -0.402221
-0.0157195 -0.0280838 -0.784653
0.146491 -0.0280272 -0.542711
-0.0630033 0.123241 -0.399719
0.0768616 0.0774088 -0.725878
-0.0623888 0.107915 -0.725878
-0.0649089 -0.0234684 -0.372377
-0.0288956 0.0314989 -0.46834
0.0673631 0.0408304 -0.517197
0.0615704 -0.0288318 -0.56881
0.321333 -0.292688 -0.410332
0.188118 -0.333403 -0.301565
0.321407 -0.156279 -0.514168
0.249882 -0.28871 -0.543103
0.217716 -0.382672 -0.424807
0.411457 -0.155342 -0.413357
0.329715 -0.239564 -0.288411
0.371165 -0.271169 -0.523809
0.319424 0.299632 -0.784653
0.188137 0.332358 -0.632886
0.209849 0.150966 -0.725878
0.186476 0.397796 -0.784653
0.30312 0.23194 -0.616123
0.415303 0.200827 -0.75618
0.159344 0.262814 -0.784653
0.274375 0.376791 -0.705555
0.243982 0.258306 -0.708337
0.197054 -0.391605 -0.784653
0.146736 -0.213426 -0.725878
0.0370572 -0.366084 -0.686436
0.313893 -0.315273 -0.774045
0.243295 -0.367178 -0.656508
0.0947383 -0.312349 -0.784653
0.0704514 -0.434178 -0.784653
0.141441 -0.4291 -0.683683
0.0345868 0.210199 -0.784653
-0.144382 0.2245 -0.725878
-0.0593289 0.337451 -0.784653
0.0531414 0.377975 -0.635388
0.0662585 0.341712 -0.784653
-0.0421342 0.251032 -0.725878
0.125369 0.14638 -0.784653
-0.153189 0.30345 -0.784653
0.105081 0.217393 -0.725878
0.229059 0.318996 -0.784653
0.0177693 0.145369 -0.725878
-0.0391468 -0.209049 -0.784653
-0.218113 -0.136949 -0.725878
-0.168937 -0.298272 -0.784653
0.0486202 -0.126669 -0.725878
-0.0454146 -0.338676 -0.784653
-0.0942488 -0.111201 -0.725878
-0.109793 -0.345662 -0.692664
-0.13653 -0.212914 -0.725878
0.0444543 -0.237745 -0.725878
0.341088 0.322453 -0.495239
0.212046 0.327838 -0.345726
0.145581 0.32171 -0.484462
0.316913 0.235656 -0.382624
0.422775 0.201586 -0.50406
0.242415 0.401246 -0.502071
0.295319 0.193576 -0.49858
0.413255 0.152378 -0.401389
0.24107 0.2925 -0.539845
0.251706 0.296989 -0.436326
0.288964 0.332542 -0.617019
0.166417 -0.028791 -0.784653
0.0736053 -0.0247562 -0.655711
0.240675 0.0576991 -0.784653
0.192962 -0.135067 -0.784653
0.354147 -0.0193886 -0.784653
0.00175743 0.0659195 -0.784653
0.0755394 -0.000944932 -0.784653
0.168311 0.048019 -0.725878
0.133648 -0.0922844 -0.725878
-0.020305 -0.120258 -0.784653
0.0853808 -0.183988 -0.784653
-0.444275 0.0766582 -0.769134
-0.412919 0.153937 -0.593813
-0.328397 -0.0346903 -0.784653
-0.302663 0.155775 -0.784653
-0.440256 0.0128344 -0.63826
-0.354381 0.0981356 -0.686802
-0.451358 -0.0471869 -0.766087
-0.433707 0.179118 -0.720556
-0.322903 -0.299482 -0.783598
-0.189924 -0.331428 -0.615698
-0.310138 -0.222794 -0.615745
-0.246275 -0.399816 -0.723497
-0.346914 -0.167834 -0.784653
-0.393138 -0.24645 -0.700933
-0.241207 -0.265579 -0.699676
-0.295539 -0.326517 -0.631962
-0.204069 0.390264 -0.784314
-0.088737 0.371272 -0.624555
-0.260034 0.355577 -0.598679
-0.100145 0.45872 -0.72829
-0.270681 0.28094 -0.784653
-0.181798 0.327313 -0.680417
-0.287603 0.368274 -0.709833
-0.283516 0.217951 -0.701825
-0.184811 0.423173 -0.696646
-0.373172 0.284496 -0.485542
-0.219936 0.279704 -0.471526
-0.352539 0.142906 -0.440855
-0.304267 0.230444 -0.597798
-0.461831 0.0865715 -0.489386
-0.267253 0.386194 -0.48616
-0.3027 0.238074 -0.416609
-0.428076 0.193017 -0.494898
-0.341258 -0.322637 -0.492669
-0.44108 -0.157821 -0.477604
-0.334774 -0.285687 -0.309827
-0.165891 -0.329165 -0.450379
-0.30126 -0.186188 -0.477052
-0.241504 -0.391823 -0.522734
-0.362389 -0.125083 -0.395915
-0.237492 -0.274847 -0.524484
-0.35846 0.0122121 -0.516771
-0.439769 -0.00526345 -0.383009
-0.146939 -0.00158409 -0.521877
-0.366804 -0.105919 -0.568165
-0.467515 -0.0406414 -0.500166
-0.365309 -0.0430715 -0.686416
-0.296445 0.194394 -0.505649
-0.353392 0.108094 -0.532345
-0.180027 0.051027 -0.784653
-0.0879297 -0.00117452 -0.677598
-0.236028 -0.0231837 -0.725878
-0.211845 0.138813 -0.725878
-0.153094 -0.0493334 -0.784653
-0.280943 0.0550862 -0.784653
-0.132417 0.141636 -0.784653
-0.0880263 0.0318669 -0.784653
-0.0504398 0.179504 -0.784653
-0.152254 -0.146593 -0.784653
-0.409224 0.122806 -0.302321
-0.402521 -0.0276159 -0.14888
-0.367918 0.118686 -0.179597
-0.382312 0.0013652 -0.270668
-0.387519 0.0535297 -0.435665
-0.321344 0.292685 -0.238885
-0.375458 0.276508 -0.706352
-0.375522 0.221604 -0.784653
-0.211044 0.20991 -0.784653
-0.317449 0.305434 -0.643727
-0.316053 0.306958 -0.548804
-0.442015 0.0910508 -0.683249
-0.382645 0.218706 -0.642811
-0.360009 0.0890821 -0.784653
0.00104445 -0.000353867 0.784557
0.137619 -0.0352042 0.637246
-0.15424 -0.0111755 0.655403
0.0932782 0.0380497 0.720132
-0.0639909 0.0364862 0.701436
0.0440109 -0.0366222 0.71476
-0.122357 0.0220672 0.458079
-0.0543016 -0.11614 0.516087
0.0131518 0.0247038 0.541947
-0.193068 0.134355 0.460445
0.0870864 -0.0395227 0.468718
0.0243124 0.119667 0.4662
-0.225599 -0.0327821 0.472364
-0.0963539 0.0404643 0.571405
-0.124986 -0.0794659 0.450171
-0.0896958 -0.0407314 0.543072
-0.129776 -0.156279 0.487497
0.140418 0.106096 0.490626
0.00817179 0.219106 0.41187
0.269771 0.0191201 0.417345
0.132498 0.0185712 0.547888
-0.0363852 -0.0257386 0.476929
0.161052 -0.103742 0.429757
0.1781 0.0384033 0.434045
0.0703449 0.197261 0.484151
-0.0412094 0.0622047 0.473202
0.0998021 -0.160648 0.476149
-0.102735 -0.205919 0.42352
0.0399401 -0.10259 0.523169
0.00466302 -0.149005 0.449387
0.244169 -0.067242 0.401137
0.0767353 0.0485939 0.46856
-0.225816 0.22851 0.374904
-0.307471 0.146819 0.349321
-0.135846 0.202456 0.412878
-0.30993 0.0570951 0.313566
-0.112796 0.105672 0.502486
-0.203316 0.0442824 0.41903
-0.0702471 0.265088 0.424389
-0.222888 0.138945 0.376525
0.0785982 0.457067 -0.516785
-0.027766 0.352736 -0.478725
0.100175 0.409718 -0.400584
-0.0558986 0.429828 -0.381651
-0.0758674 0.45361 -0.5237
0.13225 0.43941 -0.691989
0.151988 0.413726 -0.577295
-0.0234234 0.439793 -0.664609
0.0621459 0.359126 -0.5258
0.163632 0.440215 -0.48634
0.0341504 0.195067 -0.298843
-0.124549 0.0544678 -0.272333
-0.0148324 0.31932 -0.340902
0.11899 0.0922946 -0.297439
-0.0165313 0.102662 -0.228444
0.0652305 0.376669 -0.177485
0.0748395 0.141557 -0.389124
-0.0675659 0.217178 -0.339184
-0.0848926 0.139647 -0.285846
0.000961422 0.187813 -0.385038
0.232479 0.367202 -0.149832
0.340987 0.277332 -0.246609
0.290124 0.250195 -0.143901
0.179709 0.369367 -0.247999
0.218642 0.382358 -0.0495484
0.286118 0.326315 0.0428629
-0.162259 0.419797 -0.447071
-0.133463 0.337017 -0.523694
-0.173968 0.404622 -0.584299
-0.191165 0.330808 -0.249418
-0.000522803 0.46031 -0.458212
0.00475531 0.440609 -0.573704
-0.183242 0.337679 -0.405161
-0.30671 0.322603 -0.443062
0.0339434 0.457426 -0.760216
0.133192 0.327602 -0.713751
-0.00367681 0.35517 -0.709267
0.0414138 0.27796 -0.725878
-0.0997875 0.341751 -0.706139
-0.0450929 0.423609 -0.784653
0.419354 0.134523 -0.636183
0.34784 0.0849434 -0.466031
0.458369 0.0601968 -0.518852
0.323788 0.152914 -0.701447
0.368667 0.274194 -0.692673
0.281251 0.196347 -0.784653
0.377174 0.0592224 -0.579055
0.363934 0.0628484 -0.68493
0.348156 0.156849 -0.572472
0.440027 0.110019 -0.766388
0.362352 0.25087 -0.549979
0.385451 0.213314 -0.634232
0.0542813 0.428931 -0.284548
0.190598 0.38099 -0.423633
0.0651227 0.280023 -0.318018
-0.0973418 0.417887 -0.17878
-0.0803911 -0.457837 -0.514926
0.04693 -0.389324 -0.396466
-0.0496379 -0.42408 -0.297562
0.024568 -0.36987 -0.533207
-0.0631608 -0.435882 -0.64145
-0.0992661 -0.413514 -0.403923
0.0738298 -0.463371 -0.483449
-0.0824751 -0.349032 -0.516693
-0.195872 -0.383591 -0.0216181
-0.341347 -0.251259 -0.12178
-0.08979 -0.427517 -0.152122
-0.286876 -0.258079 0.0337482
-0.231681 -0.343135 -0.155112
-0.304 -0.358096 0.0932662
-0.205418 -0.286916 0.0932925
-0.0631488 -0.377478 -0.0686561
-0.163199 -0.392939 0.180419
-0.0177621 -0.467502 0.0828466
0.0705563 -0.433989 -0.217364
0.221385 -0.380902 -0.199133
0.086648 -0.380378 -0.120834
0.0969738 -0.391303 -0.306702
-0.0674257 -0.376261 -0.223019
-0.000528047 -0.118017 -0.289858
0.11017 -0.0393575 -0.29119
-0.0956692 -0.0582891 -0.245035
0.0347805 -0.061846 -0.367386
-0.103936 0.0564265 -0.358365
-0.0793789 0.0525978 -0.199672
-0.176637 -0.360317 -0.286902
-0.287985 -0.274188 -0.408541
-0.287051 -0.25648 -0.216024
-0.233958 -0.364203 -0.376448
-0.166583 -0.43612 -0.472809
-0.11963 -0.442724 -0.76054
-0.0171368 -0.468764 -0.732977
-0.144849 -0.416098 -0.582711
-0.164939 -0.419406 -0.682719
-0.0661336 -0.273225 -0.725878
-0.185237 -0.3847 -0.784653
0.0591043 -0.455869 -0.693016
-0.0134788 -0.440228 -0.567592
-0.313576 -0.347858 -0.713345
0.354616 -0.261286 -0.648855
0.24939 -0.259347 -0.697938
0.429628 -0.169278 -0.51997
0.155848 -0.323912 -0.69872
0.297672 -0.363417 -0.488439
0.200031 -0.287361 -0.784653
0.362761 -0.118742 -0.5966
0.321118 -0.17616 -0.688402
0.271997 -0.231636 -0.467803
0.309266 -0.223931 -0.575527
0.384386 -0.149286 -0.784653
0.158114 -0.411189 -0.545971
0.120759 -0.336594 -0.467245
0.0670309 -0.435372 -0.607579
-0.0136915 -0.447416 -0.44514
0.127062 -0.360137 -0.617798
0.205757 -0.296259 -0.461496
0.13874 -0.419875 -0.441113
0.235265 -0.372293 -0.567901
0.303067 -0.319619 -0.607029
0.270966 -0.382399 -0.738362
-0.0200783 -0.361325 -0.458813
0.4133 0.1285 -0.290371
0.439348 0.00738236 -0.159628
0.440208 0.00305763 -0.36869
0.377085 0.168412 -0.17651
0.382046 -2.62212e-05 -0.264631
0.37573 0.254196 -0.450337
0.427394 0.0608541 -0.435907
0.406668 -0.119319 -0.0326379
0.428842 0.0230301 0.0128062
0.375623 -0.167761 -0.158159
0.352106 -0.014093 0.0962848
0.386091 -0.0139592 -0.072991
0.361673 0.074459 0.0557992
0.396482 -0.162693 0.152795
0.469818 0.00382576 0.0947355
0.361294 -0.255802 0.0474224
0.464452 -0.0632334 -0.5013
0.352247 -0.0327335 -0.479073
0.454254 -0.0591084 -0.691066
0.440313 -0.0115281 -0.571449
0.378495 -0.231273 -0.441824
0.39183 -0.20106 -0.596614
0.355155 -0.0907589 -0.688154
0.413714 -0.0705882 -0.432815
0.438174 0.0457473 -0.637492
0.424945 0.0551716 0.160641
0.37684 0.227589 0.0462119
0.380564 0.209736 0.157877
0.380653 -0.048462 0.299375
0.401896 -0.062964 0.0386294
0.414505 -0.0355141 0.155304
0.393214 0.0945358 0.232665
0.296576 -0.287135 -0.167943
0.234603 -0.356255 -0.00589074
0.358171 0.13606 -0.0566298
0.401832 -0.116236 -0.283492
-0.413341 -0.128665 -0.28917
-0.412453 -0.1537 -0.161764
-0.345217 -0.0776756 -0.47795
-0.371835 -0.241956 -0.44189
-0.423867 -0.0789239 -0.43567
-0.405154 0.118251 -0.0560286
-0.360421 -0.053595 0.0617502
-0.440174 -0.00323087 -0.0277515
-0.420028 0.091119 0.163496
-0.443279 0.123981 0.0646932
-0.287387 0.255182 -0.0936992
-0.411144 0.0467529 0.0384666
-0.426487 -0.177752 0.06842
-0.360249 -0.128608 -0.0493891
-0.315266 -0.15828 0.0927391
-0.453131 -0.0902538 0.125764
-0.378895 -0.276042 0.0855219
-0.371078 0.00811394 0.139813
-0.336664 -0.28417 -0.0373339
-0.325366 -0.166425 0.231701
-0.427174 -0.130087 -0.679366
-0.384557 -0.230357 -0.535987
-0.255213 -0.211917 -0.784653
-0.331996 -0.158151 -0.686776
-0.395727 -0.193574 -0.622396
-0.429436 -0.13665 -0.768994
-0.277474 -0.107755 -0.784653
-0.376291 0.0659308 -0.607806
-0.439611 0.027614 -0.550478
-0.43701 -0.0545922 -0.582329
0 0 0
0.0780996 0.0339221 -0.183096
-0.00279539 0.0388111 -0.165327
0.0657172 0.0956424 -0.234186
0.117488 0.0289846 -0.250026
0.0971833 -0.0260858 -0.214186
0.0731551 -0.0311693 -0.154651
0.0117271 -0.142506 -0.111131
-0.000419509 -0.184562 -0.170854
0.0633245 -0.0915758 -0.125649
-0.052496 -0.120479 -0.124181
0.0252929 -0.0835678 -0.0738812
-0.066326 -0.00796335 -0.140915
-0.0945794 -0.0107112 -0.19975
-0.0725755 -0.0638026 -0.171645
-0.016647 -0.0139003 -0.101237
0.0579654 -0.0795312 -0.195944
0.0668997 -0.0948999 -0.271786
0.0462869 -0.028403 -0.0968472
-0.0345517 -0.112105 -0.191538
-0.0530631 -0.102389 -0.258837
-0.0366252 -0.0702972 -0.0778588
-0.111718 -0.307181 0.392114
-0.0656753 -0.256135 0.395553
-0.203566 -0.144403 0.445915
-0.163312 -0.177807 0.395715
-0.185761 -0.0881098 0.480291
-0.248824 -0.168125 0.407412
0.07773 -0.297866 0.366801
0.0137381 -0.298281 0.415704
0.123765 -0.340922 0.347203
0.10316 -0.239326 0.382747
0.0250128 -0.346541 0.344289
-0.123215 -0.382341 0.266336
-0.12431 -0.343399 0.208386
-0.206756 -0.248739 0.300189
-0.230348 -0.269806 0.357104
-0.0132392 -0.23931 0.46247
-0.0609198 -0.187567 0.48933
0.00413452 -0.234212 0.399392
0.00835493 -0.388884 0.300103
0.0108287 -0.363632 0.220116
-0.198058 -0.242339 0.40613
-0.00032188 0.32675 0.39217
0.000303237 0.315396 0.312379
0.00101154 0.278621 0.438039
-0.000927501 0.266819 0.37042
0.105666 0.376155 0.22867
0.148518 0.328351 0.273704
0.0984156 0.385831 0.154153
0.155173 0.399086 0.192165
-0.107266 0.375705 0.252297
-0.13991 0.348831 0.321671
-0.129021 0.347694 0.189734
-0.068966 0.191161 0.487556
-0.0366631 0.125415 0.515876
0.00113073 0.185841 0.49644
-0.067753 0.196889 0.417767
-0.0523877 0.13589 0.450381
-0.14708 0.179537 0.470661
0.116531 0.234684 0.414322
0.139466 0.152475 0.420088
0.0783042 0.278991 0.361596
0.175513 0.251446 0.355621
0.166407 0.20404 0.449152
0.068562 0.191646 0.420127
-0.109317 0.275447 0.340685
0.126135 0.339701 0.346976
0.00394602 0.39364 0.292865
-0.017343 0.366039 0.226211
0.332582 -0.0608037 0.379111
0.311817 -0.0626839 0.311041
0.379888 -0.0965059 0.218933
0.364554 -0.0920634 0.143725
0.266025 0.120277 0.38434
0.272882 0.0564032 0.360371
0.31046 0.155268 0.354808
0.208983 -0.0400764 0.482004
0.144555 -0.0825128 0.504542
0.228604 -0.115987 0.450668
0.150588 -0.023514 0.447628
0.176007 0.0183265 0.497209
0.227699 -0.165337 0.397687
0.284092 -0.132584 0.347306
0.341419 0.0414549 0.279052
0.333842 -0.188143 0.312928
0.357007 -0.206639 0.251705
0.295066 -0.183547 0.261515
0.317284 -0.186068 0.201357
0.312161 -0.233339 0.151639
0.374338 -0.211164 0.189209
0.327661 -0.173088 0.139389
0.338841 0.0628584 0.370307
-0.39753 0.0688676 0.273151
-0.364173 0.0553489 0.204078
-0.412667 0.20714 0.126208
-0.373517 0.193476 0.201549
-0.389421 0.247716 0.0674644
-0.437661 0.144978 0.127485
-0.420141 0.185328 0.0633843
-0.469544 0.0128508 0.0979995
-0.435018 -0.0215975 0.150202
-0.461017 0.079445 0.112397
-0.294931 0.0529446 0.419484
-0.339107 0.0563342 0.371331
-0.247189 0.119218 0.43166
-0.364224 -0.0753312 0.193511
-0.345972 -0.0972417 0.123998
-0.303384 0.193301 0.240297
-0.333827 0.19653 0.305199
-0.344859 0.0859899 0.079368
-0.376795 0.113447 0.0152683
-0.357095 0.0164236 0.0731823
-0.360389 0.0954849 0.140992
-0.311381 -0.0429309 0.318881
0.22674 -0.407465 0.0772049
0.26684 -0.366802 0.137445
0.0454553 -0.392675 -0.0175807
0.0837511 -0.431318 -0.0670751
0.0633699 -0.370343 0.050556
0.00477847 -0.414554 0.0385289
0.0794967 -0.432972 0.0224041
0.14091 -0.397344 0.222154
0.106391 -0.370939 0.272037
0.116967 -0.357659 0.177901
0.286187 -0.264376 -0.00331323
0.267185 -0.314927 0.0383659
0.193342 -0.382344 -0.0855275
0.198942 -0.328168 -0.143819
0.182252 -0.338716 -0.0397123
0.2374 -0.292913 0.165853
0.17462 -0.348325 0.151607
0.27614 -0.309678 0.236004
0.3147 -0.303947 0.149223
0.10569 -0.336239 0.098428
0.0769288 -0.46274 0.087387
0.0267818 -0.457358 0.131782
-0.227676 0.375385 -0.168793
-0.190098 0.380744 -0.103636
-0.190181 0.331594 -0.143042
-0.0425582 0.407732 -0.113142
-0.100346 0.401846 -0.0608221
-0.320479 0.292937 -0.0207819
-0.304484 0.237554 0.0268297
-0.286754 0.269965 -0.315562
-0.342473 0.274624 -0.36493
-0.324177 0.236525 -0.272973
-0.0995852 0.398018 -0.262685
-0.0524837 0.383428 -0.321141
-0.0425957 0.406009 -0.221566
-0.334137 0.242042 -0.168791
-0.318963 0.293379 -0.13403
-0.215776 0.383331 -0.32926
-0.198242 0.328406 -0.0500419
-0.203979 0.385079 0.00241018
0.353378 0.303241 0.119128
0.301986 0.244895 0.151323
0.28776 0.326327 0.150957
0.343718 0.2883 0.0518448
0.312859 0.350431 0.0966971
0.183146 0.337763 0.0359386
0.134287 0.407101 0.041188
0.190346 0.297024 0.101733
0.207845 0.407866 0.0617662
0.13678 0.327618 0.0802691
0.234153 0.363113 0.00856774
0.357868 0.182564 0.256706
0.320583 0.184653 0.19198
0.322554 0.292332 -0.0386947
0.300905 0.238954 0.0192076
0.332894 0.241308 -0.087574
0.31908 0.150445 0.0951507
0.376506 0.124486 0.153706
0.357673 0.139294 0.0414145
0.29304 0.205253 0.0732497
0.227513 0.305312 0.193462
0.271366 0.284761 0.261757
0.442082 0.144691 0.0741637
0.408477 0.160252 0.00214449
0.454558 0.0711337 0.0645253
0.420745 0.208873 0.0980484
0.441646 0.115518 0.134112
0.249762 0.250287 0.0872214
0.262774 0.387252 0.11124
0.205487 0.398439 0.142026
0.033161 0.456381 0.0613268
0.0732521 0.451308 0.133101
-0.00105949 0.459162 0.130953
-0.0334543 0.445683 0.0506304
0.098303 0.453504 0.0721168
-0.136128 0.401894 0.039849
-0.144596 0.446891 0.0976778
-0.0777696 0.358089 0.0591904
0.100212 0.40803 -0.0677292
0.0544694 0.429128 -0.123534
0.0554512 0.429631 -0.0271294
-0.0405516 0.361632 0.131597
-0.00769311 0.368308 0.0569238
-0.0876833 0.413638 0.15454
0.03031 0.374807 0.143671
0.153671 0.439398 0.119533
0.0775782 0.344009 0.100349
-0.160213 0.403046 0.153385
-0.185861 0.330069 0.145933
-0.22416 0.392835 0.139025
-0.0707038 0.46393 0.102807
-0.0425089 0.409989 -0.00790109
0.0194141 0.422083 0.192472
0.0585442 0.379269 0.0125578
-0.258261 0.340901 0.155202
-0.257601 0.273853 0.20675
-0.233063 0.272868 0.122943
-0.306011 0.355252 0.108273
-0.312338 0.305403 0.149631
-0.276914 0.218313 0.0941744
-0.252291 0.26869 0.0566171
-0.234801 0.313382 0.278442
-0.20624 0.247014 0.302519
-0.355334 0.307277 0.0950953
-0.19495 0.304796 0.0651057
-0.35823 0.18405 0.0390134
-0.373574 0.166517 -0.0239838
-0.234757 0.400983 0.0726569
-0.333832 0.157896 0.137923
-0.121996 0.332017 0.108399
-0.335484 0.245921 0.155284
-0.284909 0.33523 0.0459602
-0.0186324 -0.426563 0.174651
-0.0817171 -0.382795 0.152156
0.00712653 -0.373603 0.141851
-0.111087 -0.334562 0.0952917
-0.138922 -0.386862 0.0382339
-0.169654 -0.331181 0.140651
-0.0688874 -0.371055 0.0491392
-0.1737 -0.330086 0.0525706
-0.0767508 -0.43404 0.013821
-0.205488 -0.422289 0.100045
-0.251862 -0.379833 0.134729
-0.00166281 -0.355764 0.0787019
-0.10486 -0.453902 0.117692
0.142344 -0.31811 0.287946
-0.0212465 -0.302516 0.34488
0.139048 -0.406102 0.0413332
0.177077 -0.352533 0.0291497
0.15455 -0.429657 0.134032
0.0667507 -0.399432 0.15514
-0.123549 -0.300873 0.303794
-0.332641 -0.183697 0.317591
-0.270229 -0.189746 0.345014
-0.238589 -0.328903 0.185037
-0.314044 -0.301033 0.150542
-0.346235 -0.230804 0.177522
-0.403407 -0.221576 0.129089
-0.261591 -0.124981 0.363108
-0.300085 -0.0523702 0.415031
-0.228893 -0.045898 0.400357
-0.393039 -0.0704037 0.283234
-0.272709 -0.233594 0.123392
-0.39418 -0.152735 0.154597
-0.271744 -0.296033 0.261265
0.244724 -0.296522 0.310859
0.229706 -0.230776 0.334825
0.217635 -0.27695 0.25039
0.173303 -0.252192 0.373285
0.0925678 -0.250099 0.447096
0.0565219 -0.192429 0.425821
0.168841 -0.205504 0.447321
0.131537 -0.162169 0.417344
0.239425 0.277594 0.339421
0.206784 0.27266 0.279906
0.276515 0.189699 0.313171
0.207598 0.202978 0.395383
0.15869 0.350197 0.148985
0.214289 0.136537 0.454521
0.235901 0.0556632 0.460286
0.375295 -0.25499 0.137345
0.461213 -0.0887366 0.0997498
0.430829 -0.120516 0.0509675
0.443052 -0.14956 0.112142
0.327583 -0.131083 0.0919139
0.360459 -0.153788 0.021449
0.318059 -0.195379 0.0523816
0.319682 -0.339876 0.078638
0.421099 -0.185383 0.0645883
0.20427 -0.300903 0.0627252
0.273459 -0.222892 0.0936956
0.341688 -0.252427 -0.0853045
0.434186 -0.0758544 -0.784653
0.431701 0.00685981 -0.784653
0.445685 -0.137883 -0.744342
0.466926 -0.022584 -0.741215
0.354279 0.0773595 -0.784653
0.351935 0.156574 -0.784653
0.299222 -0.175514 -0.784653
0.235569 -0.180256 -0.725878
0.321639 -0.0961656 -0.784653
0.268927 -0.249727 -0.784653
0.282992 -0.126315 -0.725878
0.336299 -0.250571 -0.784653
0.380906 -0.0259948 -0.63618
0.432834 -0.0823466 -0.613099
0.378144 -0.0518531 -0.552402
0.355233 -0.0167513 -0.707179
0.467786 0.0379595 -0.71807
0.443139 0.0917656 -0.684278
0.284247 -0.0548607 -0.725878
0.296614 0.0315611 -0.725878
0.21157 -0.0849586 -0.725878
0.244393 -0.0203607 -0.784653
0.250693 -0.0926714 -0.784653
0.417331 -0.14927 -0.676614
0.398 -0.218723 -0.68612
0.396891 -0.233478 -0.757906
0.368881 -0.290771 -0.726835
-0.0198362 0.00269948 -0.578402
-0.0701564 -0.00777964 -0.521711
-0.0872022 0.0048317 -0.60536
0.0500649 0.0276551 -0.612722
0.0157279 -0.00382998 -0.520925
-0.0313729 0.00998022 -0.643678
0.064049 0.0298933 -0.402221
0.0141946 0.0938316 -0.423863
0.110374 0.026913 -0.336903
-0.000177324 -0.00872634 -0.408347
0.104433 0.0883033 -0.362966
0.0692749 0.0693876 -0.45513
0.0858906 -0.029861 -0.349849
-0.0157195 -0.0280838 -0.784653
0.0387439 -0.0453633 -0.725878
-0.0310459 0.0238249 -0.725878
-0.079862 -0.0661287 -0.784653
-0.0313998 -0.0728097 -0.725878
0.146491 -0.0280272 -0.542711
0.109131 0.0212384 -0.569646
-0.0630033 0.123241 -0.399719
-0.0768705 0.0587082 -0.422539
-0.108059 0.126848 -0.348667
0.0768616 0.0774088 -0.725878
0.125595 0.0705663 -0.784653
0.054582 0.118829 -0.784653
0.0387126 0.0212596 -0.700976
0.148782 0.116015 -0.725878
0.0866906 0.150269 -0.725878
-0.0623888 0.107915 -0.725878
-0.143596 0.0882451 -0.725878
-0.0995574 0.1689 -0.725878
-0.0866069 0.0965014 -0.784653
-0.00989253 0.12899 -0.784653
-0.0649089 -0.0234684 -0.372377
-0.0696161 -0.0829337 -0.316711
-0.11303 -0.0145207 -0.310017
-0.0288956 0.0314989 -0.46834
0.0673631 0.0408304 -0.517197
0.0615704 -0.0288318 -0.56881
0.321333 -0.292688 -0.410332
0.286686 -0.25982 -0.349529
0.263508 -0.32872 -0.432992
0.344328 -0.315213 -0.473302
0.188118 -0.333403 -0.301565
0.232779 -0.366594 -0.35261
0.227002 -0.375976 -0.266235
0.182106 -0.339012 -0.388093
0.182527 -0.338306 -0.232999
0.321407 -0.156279 -0.514168
0.350375 -0.116243 -0.44972
0.324906 -0.183172 -0.446548
0.344206 -0.0936219 -0.512123
0.249882 -0.28871 -0.543103
0.173297 -0.327193 -0.532922
0.227115 -0.306822 -0.613615
0.316163 -0.316239 -0.537096
0.217716 -0.382672 -0.424807
0.22226 -0.412991 -0.499006
0.411457 -0.155342 -0.413357
0.357384 -0.14117 -0.350328
0.447093 -0.127378 -0.467164
0.329715 -0.239564 -0.288411
0.342115 -0.253894 -0.216471
0.297441 -0.287609 -0.253556
0.371165 -0.271169 -0.523809
0.34359 -0.275656 -0.587327
0.319424 0.299632 -0.784653
0.34983 0.23146 -0.784653
0.330737 0.333516 -0.721564
0.26124 0.26044 -0.784653
0.285711 0.352717 -0.76596
0.188137 0.332358 -0.632886
0.231152 0.374913 -0.578611
0.201237 0.397558 -0.678575
0.167447 0.343129 -0.553042
0.122675 0.36152 -0.650202
0.242452 0.295054 -0.649384
0.194336 0.302869 -0.697643
0.209849 0.150966 -0.725878
0.202996 0.200112 -0.784653
0.269907 0.103987 -0.725878
0.190613 0.112145 -0.784653
0.178975 0.229878 -0.725878
0.255894 0.132653 -0.784653
0.268657 0.175664 -0.725878
0.186476 0.397796 -0.784653
0.104939 0.41934 -0.784653
0.148496 0.335466 -0.784653
0.226139 0.410752 -0.736109
0.30312 0.23194 -0.616123
0.297134 0.216403 -0.686826
0.292064 0.246222 -0.549739
0.334518 0.286807 -0.638106
0.322112 0.300346 -0.570904
0.415303 0.200827 -0.75618
0.439682 0.153765 -0.704278
0.404877 0.22075 -0.695486
0.159344 0.262814 -0.784653
0.0852532 0.263083 -0.784653
0.274375 0.376791 -0.705555
0.243982 0.258306 -0.708337
0.197054 -0.391605 -0.784653
0.142673 -0.436862 -0.758907
0.209894 -0.418991 -0.714174
0.129659 -0.372899 -0.784653
0.246221 -0.336881 -0.784653
0.146736 -0.213426 -0.725878
0.194245 -0.211294 -0.784653
0.135214 -0.252249 -0.784653
0.111018 -0.277872 -0.725878
0.108064 -0.158427 -0.725878
0.17898 -0.26966 -0.725878
0.172887 -0.152613 -0.725878
0.0370572 -0.366084 -0.686436
-0.00740409 -0.381718 -0.62206
-0.0356042 -0.354318 -0.706161
0.0505776 -0.309299 -0.725878
0.00237854 -0.440713 -0.658128
0.103186 -0.361276 -0.679341
0.313893 -0.315273 -0.774045
0.320179 -0.327001 -0.690234
0.243295 -0.367178 -0.656508
0.188712 -0.398259 -0.615581
0.215627 -0.312465 -0.676499
0.0947383 -0.312349 -0.784653
0.0153531 -0.284949 -0.784653
0.036295 -0.352571 -0.784653
0.0701205 -0.249834 -0.784653
0.0704514 -0.434178 -0.784653
-0.00630941 -0.409618 -0.784653
0.141441 -0.4291 -0.683683
0.128054 -0.421394 -0.601534
0.0345868 0.210199 -0.784653
-0.00280457 0.289042 -0.784653
0.00837771 0.209463 -0.725878
-0.144382 0.2245 -0.725878
-0.215386 0.267611 -0.725878
-0.0953819 0.246811 -0.784653
-0.10372 0.27762 -0.725878
-0.0593289 0.337451 -0.784653
-0.120966 0.392083 -0.784653
0.00464106 0.374595 -0.784653
0.0531414 0.377975 -0.635388
0.053442 0.446912 -0.682279
0.0799452 0.433366 -0.590092
-0.0173367 0.381284 -0.62116
0.0680718 0.352275 -0.699871
0.100606 0.368479 -0.583692
0.0265937 0.38088 -0.575544
0.0662585 0.341712 -0.784653
-0.0421342 0.251032 -0.725878
0.125369 0.14638 -0.784653
-0.153189 0.30345 -0.784653
-0.215626 0.311106 -0.784653
0.105081 0.217393 -0.725878
0.229059 0.318996 -0.784653
0.0177693 0.145369 -0.725878
-0.0391468 -0.209049 -0.784653
-0.0132935 -0.1701 -0.725878
-0.108092 -0.253583 -0.784653
-0.0825067 -0.15182 -0.784653
0.0186078 -0.175371 -0.784653
-0.0693378 -0.205531 -0.725878
-0.218113 -0.136949 -0.725878
-0.164323 -0.0888855 -0.725878
-0.205539 -0.097723 -0.784653
-0.215425 -0.207398 -0.725878
-0.259268 -0.0846692 -0.725878
-0.282928 -0.145153 -0.725878
-0.215744 -0.161229 -0.784653
-0.168937 -0.298272 -0.784653
-0.245333 -0.329116 -0.784653
-0.17726 -0.308928 -0.706363
-0.1795 -0.223868 -0.784653
-0.225424 -0.268623 -0.784653
0.0486202 -0.126669 -0.725878
0.0798535 -0.0828415 -0.784653
-0.0454146 -0.338676 -0.784653
-0.112991 -0.369411 -0.784653
-0.0942488 -0.111201 -0.725878
-0.104723 -0.0448088 -0.725878
-0.109793 -0.345662 -0.692664
-0.129138 -0.359483 -0.633112
-0.13653 -0.212914 -0.725878
0.0444543 -0.237745 -0.725878
0.341088 0.322453 -0.495239
0.288131 0.359525 -0.459587
0.284947 0.348707 -0.534335
0.32004 0.293065 -0.422484
0.212046 0.327838 -0.345726
0.229031 0.374194 -0.296766
0.145581 0.32171 -0.484462
0.111615 0.360181 -0.443014
0.20243 0.290008 -0.480114
0.316913 0.235656 -0.382624
0.290078 0.279242 -0.31454
0.344318 0.173731 -0.438035
0.300956 0.226239 -0.443494
0.422775 0.201586 -0.50406
0.421 0.129303 -0.543409
0.445918 0.13425 -0.469438
0.242415 0.401246 -0.502071
0.295319 0.193576 -0.49858
0.252028 0.247174 -0.485793
0.329468 0.134937 -0.510798
0.413255 0.152378 -0.401389
0.357718 0.143885 -0.344889
0.24107 0.2925 -0.539845
0.251706 0.296989 -0.436326
0.288964 0.332542 -0.617019
0.166417 -0.028791 -0.784653
0.122207 -0.0114928 -0.725878
0.203307 -0.0143573 -0.725878
0.0736053 -0.0247562 -0.655711
0.240675 0.0576991 -0.784653
0.192962 -0.135067 -0.784653
0.127018 -0.129159 -0.784653
0.354147 -0.0193886 -0.784653
0.00175743 0.0659195 -0.784653
0.0755394 -0.000944932 -0.784653
0.168311 0.048019 -0.725878
0.133648 -0.0922844 -0.725878
-0.020305 -0.120258 -0.784653
0.0853808 -0.183988 -0.784653
-0.444275 0.0766582 -0.769134
-0.468497 0.017541 -0.716215
-0.397031 0.0108995 -0.784653
-0.41098 0.145399 -0.784653
-0.412919 0.153937 -0.593813
-0.341941 0.169729 -0.578473
-0.429664 0.0966464 -0.553477
-0.414222 0.150791 -0.661932
-0.358614 0.1316 -0.629893
-0.429564 0.0970929 -0.621101
-0.328397 -0.0346903 -0.784653
-0.33863 0.0263183 -0.725878
-0.326743 -0.0940171 -0.725878
-0.382556 -0.0832697 -0.784653
-0.266253 -0.0106204 -0.784653
-0.301212 -0.0280972 -0.725878
-0.302663 0.155775 -0.784653
-0.290296 0.108631 -0.725878
-0.244065 0.117103 -0.784653
-0.305502 0.223127 -0.784653
-0.440256 0.0128344 -0.63826
-0.447743 -0.0523459 -0.682838
-0.381753 -0.00658936 -0.592648
-0.380852 0.0272316 -0.67079
-0.354381 0.0981356 -0.686802
-0.335245 0.169581 -0.67927
-0.451358 -0.0471869 -0.766087
-0.459552 -0.0971796 -0.726534
-0.433707 0.179118 -0.720556
-0.322903 -0.299482 -0.783598
-0.373477 -0.240566 -0.774261
-0.361393 -0.30055 -0.725049
-0.189924 -0.331428 -0.615698
-0.162995 -0.337266 -0.536357
-0.239472 -0.369614 -0.656052
-0.206194 -0.389158 -0.582364
-0.235902 -0.30008 -0.645681
-0.310138 -0.222794 -0.615745
-0.333315 -0.28812 -0.567838
-0.338965 -0.175446 -0.562951
-0.296753 -0.230695 -0.537546
-0.343444 -0.275845 -0.656414
-0.265725 -0.274193 -0.592252
-0.246275 -0.399816 -0.723497
-0.346914 -0.167834 -0.784653
-0.393138 -0.24645 -0.700933
-0.428875 -0.192021 -0.726335
-0.241207 -0.265579 -0.699676
-0.285552 -0.208096 -0.716561
-0.295539 -0.326517 -0.631962
-0.281301 -0.339258 -0.555591
-0.204069 0.390264 -0.784314
-0.264001 0.352533 -0.779544
-0.237603 0.405149 -0.729916
-0.159051 0.434163 -0.754558
-0.088737 0.371272 -0.624555
-0.047207 0.378756 -0.554154
-0.0654704 0.435578 -0.598357
-0.119934 0.423954 -0.663089
-0.260034 0.355577 -0.598679
-0.210628 0.318366 -0.545314
-0.241565 0.295734 -0.643884
-0.179216 0.337003 -0.608153
-0.223583 0.379736 -0.654932
-0.100145 0.45872 -0.72829
-0.0296293 0.468493 -0.730167
-0.270681 0.28094 -0.784653
-0.332882 0.320018 -0.755215
-0.181798 0.327313 -0.680417
-0.287603 0.368274 -0.709833
-0.283516 0.217951 -0.701825
-0.184811 0.423173 -0.696646
-0.373172 0.284496 -0.485542
-0.37547 0.230279 -0.550859
-0.377165 0.221052 -0.438265
-0.219936 0.279704 -0.471526
-0.260838 0.259475 -0.529998
-0.16366 0.318189 -0.466354
-0.242034 0.350582 -0.434099
-0.352539 0.142906 -0.440855
-0.414323 0.150174 -0.382672
-0.431824 0.13601 -0.449447
-0.345215 0.0866666 -0.471533
-0.304267 0.230444 -0.597798
-0.461831 0.0865715 -0.489386
-0.455927 0.019527 -0.453844
-0.267253 0.386194 -0.48616
-0.201998 0.419705 -0.512424
-0.3027 0.238074 -0.416609
-0.428076 0.193017 -0.494898
-0.341258 -0.322637 -0.492669
-0.275108 -0.360549 -0.450399
-0.44108 -0.157821 -0.477604
-0.435553 -0.11098 -0.535045
-0.388526 -0.175228 -0.434185
-0.406592 -0.169212 -0.553811
-0.415599 -0.217222 -0.482412
-0.334774 -0.285687 -0.309827
-0.322879 -0.23631 -0.359098
-0.344159 -0.260907 -0.248504
-0.290514 -0.249482 -0.281147
-0.165891 -0.329165 -0.450379
-0.228984 -0.286756 -0.452424
-0.209503 -0.386974 -0.439944
-0.0931887 -0.359564 -0.447834
-0.30126 -0.186188 -0.477052
-0.329415 -0.1352 -0.510969
-0.265433 -0.237953 -0.469332
-0.241504 -0.391823 -0.522734
-0.362389 -0.125083 -0.395915
-0.377837 -0.168528 -0.339071
-0.237492 -0.274847 -0.524484
-0.35846 0.0122121 -0.516771
-0.375049 -0.018841 -0.444296
-0.372405 -0.0481964 -0.537252
-0.439769 -0.00526345 -0.383009
-0.440364 0.00227603 -0.312025
-0.382729 0.00345975 -0.34752
-0.146939 -0.00158409 -0.521877
-0.366804 -0.105919 -0.568165
-0.36658 -0.106627 -0.643777
-0.420703 -0.130245 -0.606803
-0.467515 -0.0406414 -0.500166
-0.365309 -0.0430715 -0.686416
-0.296445 0.194394 -0.505649
-0.353392 0.108094 -0.532345
-0.180027 0.051027 -0.784653
-0.150998 0.00399222 -0.725878
-0.230722 0.0624864 -0.725878
-0.0879297 -0.00117452 -0.677598
-0.236028 -0.0231837 -0.725878
-0.211845 0.138813 -0.725878
-0.153094 -0.0493334 -0.784653
-0.280943 0.0550862 -0.784653
-0.132417 0.141636 -0.784653
-0.0880263 0.0318669 -0.784653
-0.0504398 0.179504 -0.784653
-0.152254 -0.146593 -0.784653
-0.409224 0.122806 -0.302321
-0.377652 0.1685 -0.242768
-0.35741 0.142624 -0.343353
-0.402521 -0.0276159 -0.14888
-0.434001 0.0180983 -0.209363
-0.397131 0.0251118 -0.0891865
-0.367918 0.118686 -0.179597
-0.388921 0.169827 -0.117713
-0.382312 0.0013652 -0.270668
-0.387519 0.0535297 -0.435665
-0.321344 0.292685 -0.238885
-0.375458 0.276508 -0.706352
-0.375522 0.221604 -0.784653
-0.211044 0.20991 -0.784653
-0.317449 0.305434 -0.643727
-0.316053 0.306958 -0.548804
-0.442015 0.0910508 -0.683249
-0.382645 0.218706 -0.642811
-0.360009 0.0890821 -0.784653
0.00104445 -0.000353867 0.784557
-0.0665165 -0.0368014 0.74411
0.0134263 0.0327425 0.718089
0.0674383 -0.000614554 0.769491
-0.0567602 0.0246226 0.764743
-0.0171454 -0.0215314 0.706702
0.137619 -0.0352042 0.637246
0.0876163 0.0281491 0.617317
0.117449 -0.0316656 0.708537
0.141054 0.0272786 0.669564
0.0762818 -0.0216778 0.657659
0.152248 0.0194156 0.607858
-0.15424 -0.0111755 0.655403
-0.078026 -0.0118839 0.629804
-0.149455 -0.0119804 0.578813
-0.125657 0.0018934 0.722193
-0.112547 0.0407314 0.654129
-0.0990279 -0.0407314 0.682577
0.0932782 0.0380497 0.720132
-0.0639909 0.0364862 0.701436
0.0440109 -0.0366222 0.71476
-0.122357 0.0220672 0.458079
-0.156654 -0.0297292 0.507175
-0.18764 0.0382855 0.492672
-0.167001 -0.0275568 0.439587
-0.152017 0.0769304 0.440821
-0.0543016 -0.11614 0.516087
-0.00193532 -0.0844447 0.469596
-0.0586245 -0.132656 0.452254
0.0131518 0.0247038 0.541947
0.0695669 -0.0332142 0.563001
-0.000279689 -0.0454976 0.535133
0.0271839 0.000752151 0.469734
-0.0435949 0.00129376 0.563005
0.0740225 0.0407314 0.533094
-0.193068 0.134355 0.460445
-0.123459 0.133171 0.434871
0.0870864 -0.0395227 0.468718
0.0719087 -0.102687 0.460079
0.0243124 0.119667 0.4662
0.0726718 0.102195 0.517247
0.0880698 0.118816 0.450869
-0.225599 -0.0327821 0.472364
-0.0963539 0.0404643 0.571405
-0.124986 -0.0794659 0.450171
-0.0896958 -0.0407314 0.543072
-0.129776 -0.156279 0.487497
0.140418 0.106096 0.490626
0.126159 0.167466 0.482015
0.00817179 0.219106 0.41187
0.269771 0.0191201 0.417345
0.132498 0.0185712 0.547888
-0.0363852 -0.0257386 0.476929
0.161052 -0.103742 0.429757
0.1781 0.0384033 0.434045
0.0703449 0.197261 0.484151
-0.0412094 0.0622047 0.473202
0.0998021 -0.160648 0.476149
0.0412134 -0.160977 0.499094
-0.102735 -0.205919 0.42352
0.0399401 -0.10259 0.523169
0.00466302 -0.149005 0.449387
0.244169 -0.067242 0.401137
0.0767353 0.0485939 0.46856
-0.225816 0.22851 0.374904
-0.307471 0.146819 0.349321
-0.135846 0.202456 0.412878
-0.30993 0.0570951 0.313566
-0.112796 0.105672 0.502486
-0.203316 0.0442824 0.41903
-0.0702471 0.265088 0.424389
-0.222888 0.138945 0.376525
0.0785982 0.457067 -0.516785
0.0664278 0.447254 -0.448848
-0.027766 0.352736 -0.478725
-0.105854 0.358782 -0.445535
0.0447117 0.370301 -0.446388
-0.0221439 0.402565 -0.432769
0.100175 0.409718 -0.400584
0.0558577 0.380314 -0.345096
-0.0558986 0.429828 -0.381651
-0.0906735 0.443412 -0.449201
-0.0758674 0.45361 -0.5237
-0.138463 0.447411 -0.503229
0.13225 0.43941 -0.691989
0.151988 0.413726 -0.577295
-0.0234234 0.439793 -0.664609
0.0621459 0.359126 -0.5258
0.163632 0.440215 -0.48634
0.0341504 0.195067 -0.298843
-0.0117235 0.255287 -0.300717
0.0942019 0.157757 -0.321254
-0.0168517 0.156158 -0.273488
0.0509947 0.225879 -0.357745
-0.124549 0.0544678 -0.272333
-0.0148324 0.31932 -0.340902
-0.0650427 0.281183 -0.32453
-0.0161265 0.244119 -0.362905
0.11899 0.0922946 -0.297439
-0.0165313 0.102662 -0.228444
0.0652305 0.376669 -0.177485
0.0968388 0.41903 -0.226951
0.0748395 0.141557 -0.389124
-0.0675659 0.217178 -0.339184
-0.0848926 0.139647 -0.285846
0.000961422 0.187813 -0.385038
0.232479 0.367202 -0.149832
0.184458 0.336613 -0.0992932
0.200616 0.3276 -0.196675
0.340987 0.277332 -0.246609
0.287066 0.256347 -0.211126
0.343287 0.272503 -0.178192
0.290124 0.250195 -0.143901
0.179709 0.369367 -0.247999
0.218642 0.382358 -0.0495484
0.286118 0.326315 0.0428629
-0.162259 0.419797 -0.447071
-0.133463 0.337017 -0.523694
-0.173968 0.404622 -0.584299
-0.191165 0.330808 -0.249418
-0.000522803 0.46031 -0.458212
0.00475531 0.440609 -0.573704
-0.183242 0.337679 -0.405161
-0.30671 0.322603 -0.443062
0.0339434 0.457426 -0.760216
0.133192 0.327602 -0.713751
-0.00367681 0.35517 -0.709267
0.0414138 0.27796 -0.725878
-0.0997875 0.341751 -0.706139
-0.0450929 0.423609 -0.784653
0.419354 0.134523 -0.636183
0.35287 0.145467 -0.6396
0.431439 0.0886366 -0.590755
0.34784 0.0849434 -0.466031
0.356527 0.0304336 -0.514654
0.458369 0.0601968 -0.518852
0.323788 0.152914 -0.701447
0.368667 0.274194 -0.692673
0.281251 0.196347 -0.784653
0.377174 0.0592224 -0.579055
0.363934 0.0628484 -0.68493
0.348156 0.156849 -0.572472
0.440027 0.110019 -0.766388
0.362352 0.25087 -0.549979
0.385451 0.213314 -0.634232
0.0542813 0.428931 -0.284548
0.190598 0.38099 -0.423633
0.0651227 0.280023 -0.318018
-0.0973418 0.417887 -0.17878
-0.0803911 -0.457837 -0.514926
-0.0779777 -0.433802 -0.576189
0.04693 -0.389324 -0.396466
0.0507074 -0.352881 -0.469254
0.0643644 -0.433553 -0.348028
-0.0496379 -0.42408 -0.297562
-0.0677426 -0.376267 -0.349456
0.024568 -0.36987 -0.533207
0.100368 -0.364207 -0.538913
-0.0368561 -0.380119 -0.546898
-0.0631608 -0.435882 -0.64145
-0.0800029 -0.373208 -0.593821
-0.0800258 -0.45902 -0.704174
-0.0992661 -0.413514 -0.403923
0.0738298 -0.463371 -0.483449
0.00863631 -0.466947 -0.508053
0.0877188 -0.431643 -0.54275
0.135171 -0.449085 -0.499093
-0.0824751 -0.349032 -0.516693
-0.195872 -0.383591 -0.0216181
-0.241119 -0.344144 0.0390599
-0.183686 -0.337289 -0.0886061
-0.341347 -0.251259 -0.12178
-0.286911 -0.257766 -0.0782815
-0.31472 -0.293407 -0.167201
-0.08979 -0.427517 -0.152122
-0.286876 -0.258079 0.0337482
-0.354295 -0.206867 0.0383093
-0.328737 -0.309264 0.0544017
-0.231681 -0.343135 -0.155112
-0.228662 -0.37452 -0.228275
-0.178421 -0.346486 -0.194689
-0.304 -0.358096 0.0932662
-0.205418 -0.286916 0.0932925
-0.0631488 -0.377478 -0.0686561
-0.163199 -0.392939 0.180419
-0.0177621 -0.467502 0.0828466
0.0705563 -0.433989 -0.217364
0.0427331 -0.399714 -0.268033
0.0463303 -0.420124 -0.156481
0.0816178 -0.378165 -0.188878
0.221385 -0.380902 -0.199133
0.086648 -0.380378 -0.120834
0.0969738 -0.391303 -0.306702
-0.0674257 -0.376261 -0.223019
-0.000528047 -0.118017 -0.289858
0.11017 -0.0393575 -0.29119
-0.0956692 -0.0582891 -0.245035
0.0347805 -0.061846 -0.367386
-0.103936 0.0564265 -0.358365
-0.0793789 0.0525978 -0.199672
-0.176637 -0.360317 -0.286902
-0.231281 -0.341956 -0.315873
-0.177248 -0.349916 -0.350545
-0.287985 -0.274188 -0.408541
-0.287051 -0.25648 -0.216024
-0.233958 -0.364203 -0.376448
-0.166583 -0.43612 -0.472809
-0.11963 -0.442724 -0.76054
-0.0171368 -0.468764 -0.732977
-0.144849 -0.416098 -0.582711
-0.164939 -0.419406 -0.682719
-0.0661336 -0.273225 -0.725878
-0.185237 -0.3847 -0.784653
0.0591043 -0.455869 -0.693016
-0.0134788 -0.440228 -0.567592
-0.313576 -0.347858 -0.713345
0.354616 -0.261286 -0.648855
0.283764 -0.255279 -0.634306
0.334461 -0.184098 -0.624854
0.24939 -0.259347 -0.697938
0.429628 -0.169278 -0.51997
0.428025 -0.104036 -0.545419
0.155848 -0.323912 -0.69872
0.297672 -0.363417 -0.488439
0.200031 -0.287361 -0.784653
0.362761 -0.118742 -0.5966
0.321118 -0.17616 -0.688402
0.271997 -0.231636 -0.467803
0.309266 -0.223931 -0.575527
0.384386 -0.149286 -0.784653
0.158114 -0.411189 -0.545971
0.120759 -0.336594 -0.467245
0.0670309 -0.435372 -0.607579
-0.0136915 -0.447416 -0.44514
0.127062 -0.360137 -0.617798
0.205757 -0.296259 -0.461496
0.13874 -0.419875 -0.441113
0.235265 -0.372293 -0.567901
0.303067 -0.319619 -0.607029
0.270966 -0.382399 -0.738362
-0.0200783 -0.361325 -0.458813
0.4133 0.1285 -0.290371
0.363679 0.122957 -0.234605
0.439348 0.00738236 -0.159628
0.38484 -0.0120873 -0.19681
0.439894 0.00463896 -0.231065
0.440208 0.00305763 -0.36869
0.382443 0.00202017 -0.418013
0.454539 -0.00772421 -0.451527
0.440816 -2.6431e-06 -0.299791
0.382215 0.000873399 -0.333723
0.377085 0.168412 -0.17651
0.412315 0.127021 -0.116328
0.382046 -2.62212e-05 -0.264631
0.37573 0.254196 -0.450337
0.427394 0.0608541 -0.435907
0.406668 -0.119319 -0.0326379
0.364468 -0.121656 -0.0973552
0.428842 0.0230301 0.0128062
0.440389 -0.0021479 -0.0437248
0.375623 -0.167761 -0.158159
0.366717 -0.162322 -0.233807
0.400348 -0.115335 -0.19608
0.352106 -0.014093 0.0962848
0.356979 0.0576004 0.128172
0.386091 -0.0139592 -0.072991
0.361673 0.074459 0.0557992
0.396482 -0.162693 0.152795
0.469818 0.00382576 0.0947355
0.361294 -0.255802 0.0474224
0.464452 -0.0632334 -0.5013
0.352247 -0.0327335 -0.479073
0.454254 -0.0591084 -0.691066
0.440313 -0.0115281 -0.571449
0.378495 -0.231273 -0.441824
0.39183 -0.20106 -0.596614
0.355155 -0.0907589 -0.688154
0.413714 -0.0705882 -0.432815
0.438174 0.0457473 -0.637492
0.424945 0.0551716 0.160641
0.37684 0.227589 0.0462119
0.380564 0.209736 0.157877
0.380653 -0.048462 0.299375
0.401896 -0.062964 0.0386294
0.414505 -0.0355141 0.155304
0.393214 0.0945358 0.232665
0.296576 -0.287135 -0.167943
0.234603 -0.356255 -0.00589074
0.358171 0.13606 -0.0566298
0.401832 -0.116236 -0.283492
-0.413341 -0.128665 -0.28917
-0.35797 -0.13736 -0.225119
-0.412453 -0.1537 -0.161764
-0.414 -0.15115 -0.0906255
-0.360341 -0.128458 -0.125423
-0.345217 -0.0776756 -0.47795
-0.371835 -0.241956 -0.44189
-0.423867 -0.0789239 -0.43567
-0.405154 0.118251 -0.0560286
-0.360421 -0.053595 0.0617502
-0.442601 -0.0570782 0.0502572
-0.384445 -0.0114956 0.0126796
-0.353679 -0.125968 0.050768
-0.440174 -0.00323087 -0.0277515
-0.420028 0.091119 0.163496
-0.443279 0.123981 0.0646932
-0.287387 0.255182 -0.0936992
-0.411144 0.0467529 0.0384666
-0.426487 -0.177752 0.06842
-0.408092 -0.121262 0.0140108
-0.447242 -0.117451 0.0684488
-0.360249 -0.128608 -0.0493891
-0.315266 -0.15828 0.0927391
-0.453131 -0.0902538 0.125764
-0.378895 -0.276042 0.0855219
-0.371078 0.00811394 0.139813
-0.336664 -0.28417 -0.0373339
-0.325366 -0.166425 0.231701
-0.427174 -0.130087 -0.679366
-0.384557 -0.230357 -0.535987
-0.255213 -0.211917 -0.784653
-0.331996 -0.158151 -0.686776
-0.395727 -0.193574 -0.622396
-0.429436 -0.13665 -0.768994
-0.277474 -0.107755 -0.784653
-0.376291 0.0659308 -0.607806
-0.439611 0.027614 -0.550478
-0.43701 -0.0545922 -0.582329
