1
9
24
33
42
47
54
62
69
73
81
89
97
106
114
122
130
139
150
161
173
182
186
191
199
207
218
226
235
243
254
263
274
285
293
301
310
318
326
334
344
350
358
364
375
384
390
398
408
418
424
432
438
450
454
462
472
477
483
488
497
508
519
526
535
544
551
553
554
555
560
567
575
585
586
592
597
601
603
604
606
607
609
613
618
620
622
625
627
628
632
636
639
645
651
652
653
655
657
659
662
667
669
670
673
677
678
680
685
688
691
693
695
699
700
702
707
710
712
715
719
720
722
725
727
729
732
735
737
738
740
745
751
753
756
760
762
767
768
770
775
778
781
785
786
787
790
791
792
793
794
799
801
803
804
805
807
808
809
810
811
812
815
820
821
823
824
825
826
827
829
830
831
832
834
836
838
839
841
842
843
844
845
848
849
851
853
855
856
857
858
860
861
864
867
868
869
870
871
872
876
878
884
888
890
895
897
899
905
912
917
919
922
928
933
936
937
938
939
943
948
952
956
958
961
964
966
971
978
985
989
994
997
999
1000
1001
1006
1013
1019
1021
1024
1028
1030
1032
1035
1039
1042
1049
1050
1051
1052
1054
1055
1056
1057
1063
1070
1075
1077
1079
1081
1083
1084
1085
1089
1091
1094
1098
1101
1102
1105
1107
1108
1109
1110
1113
1114
1115
1117
1118
1119
1120
1121
1122
1123
1124
1128
1134
1140
1144
1148
1150
1152
1153
1156
1161
1167
1168
1169
1171
1173
1175
1179
1183
1188
1190
1192
1193
1194
1195
1196
1199
1203
1207
1208
1210
1212
1213
1214
1216
1221
1225
1229
1232
1233
1235
1236
1239
1242
1243
1246
1247
1248
1249
1250
1253
1254
1255
1256
1257
1258
1259
1260
1261
1262
1265
1268
1270
1271
1272
1273
1274
1275
1276
1277
1278
1279
1280
1281
1287
1293
1299
1300
1301
1302
1307
1310
1316
1318
1320
1323
1324
1325
1326
1327
1328
1330
1331
1332
1333
1334
1335
1336
1337
1338
1340
1341
1342
1343
1344
1345
1346
1347
1348
1349
1350
1351
1352
1353
1355
1359
1361
1363
1365
1366
1367
1368
1369
1370
1375
1376
1379
1380
1381
1383
1384
1385
1386
1387
1390
1393
1394
1395
1396
1397
1398
1399
1400
1401
1402
1403
1404
1405
1406
1407
1408
1409
1410
1411
1414
1416
1417
1418
1419
1420
1421
1422
1423
1424
1425
1426
1427
1428
1429
1430
1432
1435
1437
1440
1443
1444
1448
1449
1452
1455
1456
1459
1462
1463
1464
1465
1466
1467
1471
1472
1473
1474
1475
1476
1477
1478
1479
1480
1481
1484
1485
1486
1487
1488
1489
1490
1491
1492
1493
1494
1495
1496
1497
1500
1501
1503
1504
1505
1506
1507
1508
1509
1510
1511
1512
1513
1514
1515
1516
1517
1518
1519
1520
1521
1522
1524
1527
1532
1534
1535
1536
1537
1539
1541
1544
1546
1547
1548
1549
1550
1551
1552
1553
1554
1555
1556
1557
1558
1559
1560
1561
1562
1563
1564
1565
1566
1567
1568
1569
1570
1571
1573
1576
1577
1578
1579
1580
1584
1585
1586
1587
1588
1589
1592
1593
1594
1595
1596
1597
1598
1599
1600
1601
1602
1603
1604
1605
1606
1607
1608
0
0
0
0
0
0
0
0
0
0
0
0
0
0
0
0
0
0
0
0
0
0
0
0
0
0
0
0
0
0
0
0
0
0
0
0
0
0
0
0
0
0
0
0
0
0
0
0
0
0
0
0
0
0
0
0
0
0
0
0
0
0
0
0
0
0
0
0
0
0
0
0
0
0
0
0
0
0
0
0
0
0
0
0
0
0
0
0
0
0
0
0
0
0
0
0
0
0
0
0
0
0
0
0
0
0
0
0
0
0
0
0
0
0
0
0
0
0
0
0
0
0
0
0
0
0
0
0
0
0
0
0
0
0
0
0
0
0
0
0
0
0
0
0
0
0
0
0
0
0
0
0
0
0
0
0
0
0
0
0
0
0
0
0
0
0
0
0
0
0
0
0
0
0
0
0
0
0
0
0
0
0
0
0
0
0
0
0
0
0
0
0
0
0
0
0
0
0
0
0
0
0
0
0
0
0
0
0
0
0
0
0
0
0
0
0
0
0
0
0
0
0
0
0
0
0
0
0
0
0
0
0
0
0
0
0
0
0
0
0
0
0
0
0
0
0
0
0
0
0
0
0
0
0
0
0
0
0
0
0
0
0
0
0
0
0
0
0
0
0
0
0
0
0
0
0
0
0
0
0
0
0
0
0
0
0
0
0
0
0
0
0
0
0
0
0
0
0
0
0
0
0
0
0
0
0
0
0
0
0
0
0
0
0
0
0
0
0
0
0
0
0
0
0
0
0
0
0
0
0
0
0
0
0
0
0
0
0
0
0
0
0
0
0
0
0
0
0
0
0
0
0
0
0
0
0
0
0
0
0
0
0
0
0
0
0
0
0
0
0
0
0
0
0
0
0
0
0
0
0
0
0
0
0
0
0
0
0
0
0
0
0
0
0
0
0
0
0
0
0
0
0
0
0
0
0
0
0
0
0
0
0
0
0
0
0
0
0
0
0
0
0
0
0
0
0
0
0
0
0
0
0
0
0
0
0
0
0
0
0
