0 0 0
0 0 0
0.537271 -0.262346 -0.672503
-0.289364 0.474798 0.654277
-0.39479 -0.348555 -0.672473
-0.654231 -0.338614 0.0786607
0.0257022 0.178675 -0.653271
0.0951066 -0.546368 -0.312977
0.550433 -0.233972 -0.0697959
0 0 0
-0.497589 0.0848763 -0.293711
-0.45638 0.132425 0.267158
0.375667 0.189 -0.286845
-0.0481405 0.0429673 0.551704
-0.324707 -0.402139 -0.224843
0.17512 -0.385447 0.079342
-0.334941 -0.265404 0.347831
-0.291294 0.184726 -0.0332932
-0.193906 -0.00610028 0.295852
-0.159252 0.0926818 0.109135
0.537271 -0.262346 -0.672503
0.0800033 -0.270935 -0.672793
0.425085 -0.407057 -0.360584
0.338469 0.0217597 -0.597657
0.642249 -0.104399 -0.379729
0.22438 -0.456669 -0.538536
0.545587 0.0209445 -0.160371
0.308566 -0.200909 -0.672793
-0.289364 0.474798 0.654277
-0.294767 0.421798 0.322804
0.0502223 0.351858 0.590702
-0.39352 0.244752 0.515078
-0.123466 0.475106 0.481837
-0.423245 -0.0534235 0.410781
0.0339402 0.207498 0.408522
-0.259049 0.0683916 0.492883
-0.39479 -0.348555 -0.672473
-0.331534 0.0313475 -0.639089
-0.587692 -0.2178 -0.235228
-0.139373 -0.415869 -0.489357
-0.217414 0.122129 -0.384064
-0.419282 -0.167548 -0.456482
-0.176242 -0.189588 -0.672793
-0.184218 0.185976 -0.600826
-0.654231 -0.338614 0.0786607
-0.620255 -0.0100367 0.00810567
-0.185822 -0.271793 0.0484659
-0.63366 -0.135481 0.331843
-0.405976 -0.379074 0.124381
-0.540501 -0.334838 0.296718
-0.470917 -0.314493 -0.0763987
-0.482324 0.11593 -0.0858472
0.0257022 0.178675 -0.653271
-0.0126555 0.298092 -0.269944
0.187795 0.169456 -0.0937631
0.176529 0.239456 -0.448329
0.119782 -0.0370677 -0.672793
0.488334 0.0514952 -0.430404
-0.0746343 0.195249 -0.0823722
-0.0927681 0.0054547 -0.672793
-0.0341003 0.201072 -0.453728
0.0951066 -0.546368 -0.312977
0.371354 -0.438845 -0.098461
-0.0232207 -0.42414 -0.104074
0.38573 -0.256263 0.116211
0.605618 -0.311316 -0.462668
-0.0293282 -0.457011 -0.671723
0.0194782 -0.23861 0.102169
0.172766 -0.498466 -0.121629
-0.12568 -0.435031 -0.283836
0.550433 -0.233972 -0.0697959
0.369815 0.0727566 0.0827564
0.184548 -0.118883 0.179213
0 0 0
0.164498 0.0746212 0.0982666
-0.124418 -0.10222 0.134168
0.0598234 0.178404 0.0176509
0.0373347 -0.0831133 0.130318
-0.0383265 0.107545 0.0651161
-0.0559083 -0.00201635 0.117216
0.054144 0.0368251 0.106899
-0.497589 0.0848763 -0.293711
-0.334412 0.192395 -0.232767
-0.379667 0.0244742 -0.442411
-0.598661 -0.0342378 -0.181759
-0.542784 -0.0821093 -0.352184
-0.378414 0.138735 -0.356724
-0.454365 0.159988 -0.201714
-0.544235 0.0750449 -0.181118
-0.565407 0.000726299 -0.280022
-0.45638 0.132425 0.267158
-0.298501 0.22509 0.342517
-0.595838 0.00938197 0.203533
-0.420481 0.12797 0.0862305
-0.29702 0.100393 0.20999
-0.45445 0.114594 0.431905
-0.542351 0.0204025 0.347823
-0.405774 0.323881 0.318465
-0.386472 0.223664 0.264101
0.375667 0.189 -0.286845
0.399139 0.142998 -0.098318
0.353344 0.17595 -0.480635
0.498938 0.0973255 -0.28545
0.290371 0.222912 -0.178453
0.268054 0.234521 -0.349849
0.421113 0.140719 -0.387155
0.478727 0.115085 -0.174501
-0.0481405 0.0429673 0.551704
-0.0895573 0.227275 0.563198
0.022584 0.150216 0.643031
-0.137416 -0.00751175 0.438837
-0.0249872 0.0785904 0.417046
-0.158436 0.115711 0.564852
-0.0778843 0.207748 0.447622
-0.190714 0.159645 0.461071
-0.324707 -0.402139 -0.224843
-0.308367 -0.3315 -0.415112
-0.464132 -0.323499 -0.319235
-0.195276 -0.365059 -0.105209
-0.449834 -0.36683 -0.19578
-0.239124 -0.388032 -0.322152
-0.361944 -0.373606 -0.116488
-0.361205 -0.369626 -0.324423
0.17512 -0.385447 0.079342
0.234417 -0.267734 0.165986
0.0301291 -0.368721 0.0265041
0.31604 -0.389395 0.0310769
0.118918 -0.444092 -0.0218311
0.234932 -0.428475 -0.0472738
0.124615 -0.219345 0.154859
0.0974815 -0.314479 0.106647
-0.334941 -0.265404 0.347831
-0.246618 -0.210977 0.203058
-0.490615 -0.204071 0.388717
-0.277813 -0.11668 0.378569
-0.409316 -0.337782 0.255758
-0.229895 -0.115419 0.268994
-0.378763 -0.172822 0.4049
-0.448182 -0.298737 0.351067
-0.291294 0.184726 -0.0332932
-0.286873 0.119295 0.0803244
-0.166478 0.177142 0.00972583
-0.245078 0.222273 -0.146487
-0.382854 0.179825 -0.108908
-0.193906 -0.00610028 0.295852
-0.132509 0.151074 0.360419
-0.306066 0.0797572 0.354399
-0.196261 -0.0089694 0.17267
-0.313215 -0.0150867 0.42956
-0.212222 0.101465 0.303703
-0.111681 0.0455332 0.348496
-0.159252 0.0926818 0.109135
0.537271 -0.262346 -0.672503
0.523756 -0.0727202 -0.589836
0.41002 -0.379078 -0.564991
0.625295 -0.168338 -0.521029
0.402842 -0.297531 -0.672793
0.537531 -0.316508 -0.563078
0.501864 -0.151175 -0.672793
0.0800033 -0.270935 -0.672793
0.229225 -0.351559 -0.672793
-0.0152373 -0.137988 -0.672793
-0.0709487 -0.3052 -0.672793
0.111331 -0.432702 -0.630772
0.173539 -0.173087 -0.672793
0.0328178 -0.368371 -0.672793
0.425085 -0.407057 -0.360584
0.56211 -0.288375 -0.264909
0.280342 -0.506614 -0.280126
0.302581 -0.460507 -0.416338
0.396933 -0.447291 -0.232622
0.478241 -0.343923 -0.460384
0.486434 -0.375715 -0.267289
0.534618 -0.287868 -0.375759
0.338469 0.0217597 -0.597657
0.219945 0.15869 -0.671717
0.402861 -0.0874552 -0.672793
0.259849 -0.068848 -0.672793
0.254316 0.162806 -0.552395
0.447085 0.0135447 -0.54207
0.212055 0.0400929 -0.672793
0.312202 0.0988911 -0.672618
0.642249 -0.104399 -0.379729
0.589302 -0.133038 -0.20927
0.562547 -0.0258927 -0.293517
0.644266 -0.236675 -0.358305
0.550574 -0.0594394 -0.461121
0.22438 -0.456669 -0.538536
0.0389098 -0.494451 -0.493437
0.171214 -0.517033 -0.425208
0.300838 -0.395772 -0.597184
0.387764 -0.410135 -0.461865
0.545587 0.0209445 -0.160371
0.47955 0.0343912 -0.0256337
0.565927 -0.0896265 -0.0672635
0.308566 -0.200909 -0.672793
-0.289364 0.474798 0.654277
-0.235206 0.339337 0.539489
-0.389634 0.419308 0.52212
-0.275557 0.510987 0.453742
-0.150719 0.429772 0.619518
-0.206113 0.542114 0.566461
-0.294767 0.421798 0.322804
-0.192313 0.377694 0.408732
-0.354368 0.373323 0.416465
-0.210486 0.479089 0.371303
0.0502223 0.351858 0.590702
0.0857353 0.223419 0.538894
-3.10489e-05 0.296654 0.488034
-0.0114596 0.266215 0.652198
-0.39352 0.244752 0.515078
-0.277879 0.24697 0.464834
-0.431896 0.2314 0.396513
-0.34393 0.154202 0.4396
-0.123466 0.475106 0.481837
-0.423245 -0.0534235 0.410781
-0.53595 -0.0936032 0.391607
0.0339402 0.207498 0.408522
0.00859772 0.13852 0.518833
-0.259049 0.0683916 0.492883
-0.39479 -0.348555 -0.672473
-0.40186 -0.150178 -0.672793
-0.205254 -0.380357 -0.672793
-0.303873 -0.27914 -0.564219
-0.297455 -0.218469 -0.672793
-0.304331 -0.380649 -0.617981
-0.331534 0.0313475 -0.639089
-0.280081 -0.125224 -0.549814
-0.239665 0.0660493 -0.523795
-0.22375 -0.0536282 -0.672793
-0.209179 0.0777953 -0.672793
-0.418371 -0.0507825 -0.591271
-0.344718 -0.0824305 -0.465547
-0.304015 -0.0195508 -0.547915
-0.587692 -0.2178 -0.235228
-0.596878 -0.186172 -0.0402451
-0.520177 -0.213158 -0.370835
-0.560837 -0.257919 -0.128048
-0.619115 -0.145779 -0.148343
-0.599998 -0.110623 -0.261344
-0.139373 -0.415869 -0.489357
-0.0361339 -0.515878 -0.369699
-0.137764 -0.464594 -0.607811
-0.215357 -0.356649 -0.556605
-0.0489299 -0.450097 -0.542068
-0.217414 0.122129 -0.384064
-0.158314 0.197211 -0.236832
-0.131511 0.12157 -0.480747
-0.10241 0.169681 -0.350074
-0.249217 0.188712 -0.302994
-0.419282 -0.167548 -0.456482
-0.487075 0.0163158 -0.389428
-0.417955 -0.27992 -0.420236
-0.317508 -0.205994 -0.480899
-0.176242 -0.189588 -0.672793
-0.184218 0.185976 -0.600826
-0.0916367 0.133864 -0.672793
-0.0632919 0.184387 -0.568412
-0.654231 -0.338614 0.0786607
-0.665671 -0.15337 0.12749
-0.551531 -0.423432 0.164842
-0.508501 -0.418596 0.0228862
-0.634501 -0.243633 0.235755
-0.589505 -0.314017 -0.0287433
-0.655675 -0.230728 0.0464011
-0.623637 -0.34295 0.188207
-0.620255 -0.0100367 0.00810567
-0.5522 0.0806092 0.090845
-0.557962 0.0225173 -0.081315
-0.643887 -0.0417655 0.114381
-0.660873 -0.116516 0.0209959
-0.587935 -0.0823136 -0.0668655
-0.185822 -0.271793 0.0484659
-0.321705 -0.316855 -0.0217741
-0.0941102 -0.343247 -0.0185337
-0.297666 -0.30151 0.114483
-0.09591 -0.20726 0.0897216
-0.63366 -0.135481 0.331843
-0.629037 -0.0983894 0.22253
-0.582604 -0.239405 0.334633
-0.405976 -0.379074 0.124381
-0.40789 -0.376088 0.0120616
-0.540501 -0.334838 0.296718
-0.470917 -0.314493 -0.0763987
-0.482324 0.11593 -0.0858472
0.0257022 0.178675 -0.653271
0.13327 0.183438 -0.566328
0.0270412 0.050633 -0.672793
0.0677876 0.2391 -0.493089
0.116297 0.116603 -0.672793
-0.0126555 0.298092 -0.269944
0.179031 0.272569 -0.257447
0.0568555 0.216867 -0.159264
0.0580581 0.282075 -0.388124
-0.0489567 0.202108 -0.20168
0.187795 0.169456 -0.0937631
0.262704 0.134413 0.0182642
0.176529 0.239456 -0.448329
0.119782 -0.0370677 -0.672793
0.488334 0.0514952 -0.430404
-0.0746343 0.195249 -0.0823722
-0.0927681 0.0054547 -0.672793
-0.0341003 0.201072 -0.453728
0.0951066 -0.546368 -0.312977
-0.0207612 -0.522705 -0.218529
0.0580733 -0.499793 -0.135707
0.176729 -0.531374 -0.233499
0.371354 -0.438845 -0.098461
0.45395 -0.342938 0.000292075
0.499605 -0.369272 -0.150323
0.285216 -0.487925 -0.162779
-0.0232207 -0.42414 -0.104074
-0.113755 -0.412527 -0.171481
0.38573 -0.256263 0.116211
0.484497 -0.0910246 0.0562526
0.34709 -0.0828248 0.15323
0.489046 -0.219861 0.043214
0.310927 -0.187026 0.170281
0.605618 -0.311316 -0.462668
-0.0293282 -0.457011 -0.671723
0.0194782 -0.23861 0.102169
0.172766 -0.498466 -0.121629
-0.12568 -0.435031 -0.283836
-0.213002 -0.386931 -0.211923
0.550433 -0.233972 -0.0697959
0.369815 0.0727566 0.0827564
0.243291 -0.00790323 0.15698
0.184548 -0.118883 0.179213
0.134989 -0.0260323 0.14805
