0
0
1
2
3
4
5
6
7
0
8
9
10
11
13
14
15
22
30
58
1
12
19
20
21
35
36
46
2
24
26
34
44
45
48
53
3
17
28
29
31
33
40
55
4
23
25
27
42
51
54
60
5
16
37
41
47
50
52
59
61
6
38
39
43
49
56
57
62
63
7
18
32
0
64
71
100
107
165
186
211
8
66
74
83
90
136
177
190
248
9
72
75
88
97
103
117
128
218
10
77
84
120
137
158
192
223
11
85
110
119
139
162
207
213
13
69
89
92
160
169
205
236
14
111
123
125
180
195
196
250
15
93
102
105
149
208
209
241
22
161
163
173
198
30
91
132
184
202
249
254
58
1
65
67
114
153
188
214
12
98
104
115
127
152
251
19
68
82
134
150
166
216
222
20
76
130
141
185
187
197
242
21
101
145
156
164
35
78
146
228
253
36
124
133
46
2
86
95
109
129
151
24
143
191
247
26
140
183
189
34
179
182
212
44
45
193
48
215
53
3
73
81
113
181
238
17
96
121
138
159
168
225
252
28
87
155
204
210
239
29
131
178
206
244
31
94
170
171
246
33
199
201
232
40
55
176
194
4
80
112
126
135
172
231
237
23
142
224
227
230
255
25
108
154
157
203
27
221
235
42
245
51
54
60
5
148
174
229
234
16
79
116
147
219
37
144
41
47
50
52
59
61
6
122
217
220
38
106
118
200
39
226
43
70
99
167
233
49
56
57
62
63
240
7
18
175
32
243
